0-0: born born 0.8179112833051476 education 0.08263800075667134 died 0.061583925744145465 spouse(s) 0.025428109150876475 occupation 0.012438681043159169 
0-1: born born 0.6610134769774693 spouse(s) 0.16611798539669706 died 0.10972927583801127 education 0.05738789419695727 occupation 0.005751367590865109 
1-0: born born 0.8179112833051476 education 0.08263800075667134 died 0.061583925744145465 spouse(s) 0.025428109150876475 occupation 0.012438681043159169 
1-1: born born 0.8179112833051476 education 0.08263800075667134 died 0.061583925744145465 spouse(s) 0.025428109150876475 occupation 0.012438681043159169 
2-0: born born 0.8179112833051476 education 0.08263800075667134 died 0.061583925744145465 spouse(s) 0.025428109150876475 occupation 0.012438681043159169 
3-0: born born 0.8900230647072928 spouse(s) 0.08106910845618369 died 0.019286924390548844 occupation 0.009155131813514145 education 0.00046577063246052135 
4-0: born born 0.8179112833051476 education 0.08263800075667134 died 0.061583925744145465 spouse(s) 0.025428109150876475 occupation 0.012438681043159169 
6-0: born born 0.8179112833051476 education 0.08263800075667134 died 0.061583925744145465 spouse(s) 0.025428109150876475 occupation 0.012438681043159169 
6-1: born born 0.9136073618085166 died 0.07222942724519542 spouse(s) 0.00805898133487212 education 0.004901697346816972 occupation 0.0012025322645987727 
7-0: born born 0.9739442262907925 died 0.014769374315000212 education 0.010307748847935685 spouse(s) 0.0009516656925560909 occupation 2.69848537155377e-05 
9-0: born education 0.5370485404990951 born 0.24351017969176053 occupation 0.10251413433844796 died 0.09756912410037907 spouse(s) 0.019358021370317294 
10-0: born born 0.8179112833051476 education 0.08263800075667134 died 0.061583925744145465 spouse(s) 0.025428109150876475 occupation 0.012438681043159169 
12-0: born born 0.8179112833051476 education 0.08263800075667134 died 0.061583925744145465 spouse(s) 0.025428109150876475 occupation 0.012438681043159169 
13-0: born born 0.8179112833051476 education 0.08263800075667134 died 0.061583925744145465 spouse(s) 0.025428109150876475 occupation 0.012438681043159169 
14-0: born born 0.9337575180170645 education 0.02702233238097968 spouse(s) 0.022913002447608542 died 0.014091383201556607 occupation 0.0022157639527905925 
15-0: born born 0.9227233567183464 died 0.062329211032355974 education 0.014068341014674007 spouse(s) 0.0006322501020923535 occupation 0.0002468411325312194 
16-0: born born 0.8179112833051476 education 0.08263800075667134 died 0.061583925744145465 spouse(s) 0.025428109150876475 occupation 0.012438681043159169 
17-0: born born 0.8939445004887039 died 0.07806664743679596 education 0.024624840634208642 occupation 0.0018146687577218048 spouse(s) 0.0015493426825697377 
18-0: born born 0.9163684977562361 died 0.06519369022723447 education 0.011365330927706429 spouse(s) 0.0036554087146706085 occupation 0.00341707237415239 
21-0: born born 0.839276601776092 education 0.07860440853829036 died 0.054172786241145465 spouse(s) 0.02472811235524086 occupation 0.0032180910892312697 
24-0: born born 0.8179112833051476 education 0.08263800075667134 died 0.061583925744145465 spouse(s) 0.025428109150876475 occupation 0.012438681043159169 
25-0: born born 0.8179112833051476 education 0.08263800075667134 died 0.061583925744145465 spouse(s) 0.025428109150876475 occupation 0.012438681043159169 
26-0: born born 0.8179112833051476 education 0.08263800075667134 died 0.061583925744145465 spouse(s) 0.025428109150876475 occupation 0.012438681043159169 
26-1: born born 0.8677143395675665 died 0.09334726147155473 education 0.0270892704096054 spouse(s) 0.008521996854462859 occupation 0.003327131696810432 
27-0: born born 0.8179112833051476 education 0.08263800075667134 died 0.061583925744145465 spouse(s) 0.025428109150876475 occupation 0.012438681043159169 
28-0: born born 0.8677143395675665 died 0.09334726147155473 education 0.0270892704096054 spouse(s) 0.008521996854462859 occupation 0.003327131696810432 
29-0: born born 0.8179112833051476 education 0.08263800075667134 died 0.061583925744145465 spouse(s) 0.025428109150876475 occupation 0.012438681043159169 
30-0: born born 0.8179112833051476 education 0.08263800075667134 died 0.061583925744145465 spouse(s) 0.025428109150876475 occupation 0.012438681043159169 
30-1: born born 0.8179112833051476 education 0.08263800075667134 died 0.061583925744145465 spouse(s) 0.025428109150876475 occupation 0.012438681043159169 
30-2: born born 0.9852041550716935 died 0.0062478481815772605 occupation 0.004912012406416935 education 0.0024026496973633686 spouse(s) 0.001233334642949026 
32-0: born born 0.8179112833051476 education 0.08263800075667134 died 0.061583925744145465 spouse(s) 0.025428109150876475 occupation 0.012438681043159169 
33-0: born born 0.8179112833051476 education 0.08263800075667134 died 0.061583925744145465 spouse(s) 0.025428109150876475 occupation 0.012438681043159169 
33-1: born born 0.8179112833051476 education 0.08263800075667134 died 0.061583925744145465 spouse(s) 0.025428109150876475 occupation 0.012438681043159169 
33-2: born born 0.8677578235663984 spouse(s) 0.0632800453655258 died 0.05700266995373445 occupation 0.008971652444015456 education 0.0029878086703259625 
34-0: born born 0.8179112833051476 education 0.08263800075667134 died 0.061583925744145465 spouse(s) 0.025428109150876475 occupation 0.012438681043159169 
36-0: born born 0.8179112833051476 education 0.08263800075667134 died 0.061583925744145465 spouse(s) 0.025428109150876475 occupation 0.012438681043159169 
36-1: born born 0.9785983774370275 died 0.015705734745705406 education 0.004536103503688811 spouse(s) 0.000828045847198224 occupation 0.00033173846637998383 
37-0: born born 0.8179112833051476 education 0.08263800075667134 died 0.061583925744145465 spouse(s) 0.025428109150876475 occupation 0.012438681043159169 
37-1: born born 0.7400438932339825 died 0.14330283801212834 education 0.06931053766652019 occupation 0.025538371832061302 spouse(s) 0.021804359255307774 
37-2: born born 0.4098876389268683 education 0.32027077128050474 died 0.17336189227456217 spouse(s) 0.08748357588641946 occupation 0.00899612163164539 
39-0: born born 0.8179112833051476 education 0.08263800075667134 died 0.061583925744145465 spouse(s) 0.025428109150876475 occupation 0.012438681043159169 
40-0: born born 0.8706382830904477 education 0.07688213655472984 died 0.0305069909887602 spouse(s) 0.015391284284209088 occupation 0.00658130508185321 
41-0: born born 0.8179112833051476 education 0.08263800075667134 died 0.061583925744145465 spouse(s) 0.025428109150876475 occupation 0.012438681043159169 
41-1: born born 0.8179112833051476 education 0.08263800075667134 died 0.061583925744145465 spouse(s) 0.025428109150876475 occupation 0.012438681043159169 
44-0: born born 0.7457272011510536 education 0.11970819603879876 occupation 0.0703270711242388 died 0.04215668046347142 spouse(s) 0.022080851222437407 
46-0: born born 0.966536762337691 spouse(s) 0.027474998272877457 died 0.003693966255714879 education 0.0017639332976361914 occupation 0.0005303398360804729 
47-0: born born 0.8179112833051476 education 0.08263800075667134 died 0.061583925744145465 spouse(s) 0.025428109150876475 occupation 0.012438681043159169 
48-0: born born 0.9962465412781236 spouse(s) 0.0016957070614141744 education 0.0009373854988113596 died 0.0009327169995761678 occupation 0.00018764916207476078 
49-0: born born 0.8179112833051476 education 0.08263800075667134 died 0.061583925744145465 spouse(s) 0.025428109150876475 occupation 0.012438681043159169 
49-1: born born 0.8179112833051476 education 0.08263800075667134 died 0.061583925744145465 spouse(s) 0.025428109150876475 occupation 0.012438681043159169 
20-0: education education 0.9862836647542207 born 0.009772385866505773 died 0.00246467337726024 occupation 0.0013495635144296836 spouse(s) 0.00012971248758376788 
23-0: education education 0.9918306815042882 born 0.005442441694077643 occupation 0.0014265052528389503 died 0.0010836529315672654 spouse(s) 0.00021671861722776463 
76-0: education education 0.5988262445467767 died 0.16516635783201578 spouse(s) 0.09666700774391591 born 0.07933335553801275 occupation 0.060007034339278814 
79-0: education education 0.7611648562726785 occupation 0.07417914797534093 died 0.07042713477618837 born 0.061231356542397745 spouse(s) 0.03299750443339445 
82-0: education education 0.9862836647542207 born 0.009772385866505773 died 0.00246467337726024 occupation 0.0013495635144296836 spouse(s) 0.00012971248758376788 
83-0: education education 0.9344428317776491 born 0.03159379829975132 spouse(s) 0.015764685115063567 died 0.015142411280842965 occupation 0.003056273526693076 
83-1: education education 0.6816878302587429 born 0.2688942001251682 died 0.033139739981588 spouse(s) 0.011500536603567353 occupation 0.004777693030933609 
83-2: education education 0.7890369892321815 born 0.12364730582176739 died 0.04147765720939893 spouse(s) 0.03906082262731919 occupation 0.006777225109332999 
83-3: education education 0.9997518815932892 born 0.0002456551900511263 spouse(s) 1.2952328570506184e-06 died 1.1254299789878672e-06 occupation 4.255382369096051e-08 
84-0: education education 0.4170986999559204 born 0.20479269006458942 spouse(s) 0.1809612536476796 died 0.15145898400664812 occupation 0.045688372325162485 
86-0: education education 0.9435169754027908 born 0.04119613632802341 spouse(s) 0.007906178185385682 died 0.0069865723799378 occupation 0.000394137703862475 
88-0: education education 0.8094912912424479 died 0.08163683962933357 born 0.05745788970321034 occupation 0.036964118503051084 spouse(s) 0.014449860921957079 
89-0: education born 0.7540352370329031 education 0.21692123904910648 died 0.02831058280879046 occupation 0.00047074714668881695 spouse(s) 0.00026219396251109283 
90-0: education died 0.48343337752996135 occupation 0.37635660123331366 education 0.08075049454561484 born 0.03132474639626071 spouse(s) 0.028134780294849494 
90-1: education education 0.5129740762411416 died 0.24373411124709257 spouse(s) 0.13901103790614697 born 0.06633099869967495 occupation 0.03794977590594394 
90-2: education education 0.998479067055669 died 0.0011031909007066098 born 0.0002590515303615339 occupation 0.00010228580747195581 spouse(s) 5.6404705790641836e-05 
92-0: education education 0.9474025844190666 born 0.020785395254640144 occupation 0.01823423484479149 died 0.009844043976091009 spouse(s) 0.003733741505410651 
93-2: education education 0.9425079436771551 born 0.04966376406279407 died 0.004547424999011717 spouse(s) 0.002819101349196674 occupation 0.0004617659118424329 
94-0: education education 0.9423115818769965 born 0.038449569162399874 died 0.009949537914256242 spouse(s) 0.0056746082239804525 occupation 0.003614702822367119 
95-0: education education 0.9423115818769965 born 0.038449569162399874 died 0.009949537914256242 spouse(s) 0.0056746082239804525 occupation 0.003614702822367119 
95-1: education education 0.9423115818769965 born 0.038449569162399874 died 0.009949537914256242 spouse(s) 0.0056746082239804525 occupation 0.003614702822367119 
96-0: education education 0.8382766432701978 born 0.09068785452878979 died 0.04955783119359637 spouse(s) 0.011278055951095507 occupation 0.010199615056320476 
97-0: education education 0.9344428317776491 born 0.03159379829975132 spouse(s) 0.015764685115063567 died 0.015142411280842965 occupation 0.003056273526693076 
97-1: education education 0.7890369892321815 born 0.12364730582176739 died 0.04147765720939893 spouse(s) 0.03906082262731919 occupation 0.006777225109332999 
98-0: education education 0.2 spouse(s) 0.2 died 0.2 occupation 0.2 born 0.2 
99-0: education education 0.9425079436771551 born 0.04966376406279407 died 0.004547424999011717 spouse(s) 0.002819101349196674 occupation 0.0004617659118424329 
99-1: education education 0.9425079436771551 born 0.04966376406279407 died 0.004547424999011717 spouse(s) 0.002819101349196674 occupation 0.0004617659118424329 
100-0: education education 0.9288182891714031 born 0.06643302895853388 spouse(s) 0.0026195588182253726 died 0.0019691503671806993 occupation 0.00015997268465708903 
101-0: education education 0.8972401728064068 occupation 0.04842030832063181 died 0.030162091875408015 born 0.01273726535273109 spouse(s) 0.01144016164482227 
102-1: education education 0.9423115818769965 born 0.038449569162399874 died 0.009949537914256242 spouse(s) 0.0056746082239804525 occupation 0.003614702822367119 
102-2: education education 0.9992485777195528 occupation 0.00030403375592886426 born 0.00021907752946356818 died 0.00018697310962423637 spouse(s) 4.133788543069635e-05 
104-0: education education 0.9425079436771551 born 0.04966376406279407 died 0.004547424999011717 spouse(s) 0.002819101349196674 occupation 0.0004617659118424329 
104-1: education education 0.9425079436771551 born 0.04966376406279407 died 0.004547424999011717 spouse(s) 0.002819101349196674 occupation 0.0004617659118424329 
105-0: education education 0.9675645919521355 born 0.021933321804266992 died 0.005675653112143136 spouse(s) 0.004531863825823653 occupation 0.00029456930563068597 
106-1: education education 0.9733551991111339 born 0.020552056708944003 died 0.0034476705498449806 spouse(s) 0.0025878705021789715 occupation 5.720312789812515e-05 
106-2: education education 0.7890369892321815 born 0.12364730582176739 died 0.04147765720939893 spouse(s) 0.03906082262731919 occupation 0.006777225109332999 
107-0: education education 0.9477927998120282 occupation 0.02054609502194278 died 0.018851171770451116 spouse(s) 0.007679682878753413 born 0.00513025051682444 
108-0: education education 0.989632024769345 born 0.01023889348259449 died 7.901061405563484e-05 spouse(s) 4.377896382488027e-05 occupation 6.292170179856047e-06 
109-0: education education 0.9832518398725412 born 0.013983911120819063 died 0.0023388607524756724 spouse(s) 0.0002598590652655498 occupation 0.00016552918889864454 
109-1: education education 0.9159504236381836 born 0.05161427386261337 spouse(s) 0.015452705632291654 died 0.014842746453741345 occupation 0.0021398504131702146 
109-2: education education 0.9673268009674737 born 0.028194496007086074 spouse(s) 0.0016882200005681283 died 0.0016215814901828101 occupation 0.001168901534689426 
110-0: education education 0.7890369892321815 born 0.12364730582176739 died 0.04147765720939893 spouse(s) 0.03906082262731919 occupation 0.006777225109332999 
110-1: education education 0.7890369892321815 born 0.12364730582176739 died 0.04147765720939893 spouse(s) 0.03906082262731919 occupation 0.006777225109332999 
113-0: education education 0.8764336522162005 born 0.05893250826017226 died 0.042332074711192116 spouse(s) 0.019293700136922304 occupation 0.003008064675512872 
114-0: education education 0.7890369892321815 born 0.12364730582176739 died 0.04147765720939893 spouse(s) 0.03906082262731919 occupation 0.006777225109332999 
114-1: education education 0.7890369892321815 born 0.12364730582176739 died 0.04147765720939893 spouse(s) 0.03906082262731919 occupation 0.006777225109332999 
116-0: education education 0.7890369892321815 born 0.12364730582176739 died 0.04147765720939893 spouse(s) 0.03906082262731919 occupation 0.006777225109332999 
120-0: education education 0.6281679694444324 died 0.2803285699708323 born 0.08403639945285976 spouse(s) 0.006646288573238701 occupation 0.0008207725586369193 
121-0: education education 0.5020316627373783 died 0.3519466029512791 occupation 0.0759428729858409 born 0.06668029191259998 spouse(s) 0.003398569412901589 
121-1: education education 0.32074592024927157 died 0.27895818798259137 occupation 0.21915850070400633 born 0.14132964285952457 spouse(s) 0.03980774820460624 
160-0: died died 0.9342059035887456 spouse(s) 0.03424559228620708 born 0.013312853064908538 occupation 0.01294678535442341 education 0.005288865705715469 
160-2: died spouse(s) 0.6913890162606365 died 0.20435539004244166 occupation 0.04910254392369707 born 0.04040353676027353 education 0.014749513012951184 
164-0: died died 0.9996411585454118 spouse(s) 0.00019387437669039344 born 0.00013985553424554183 occupation 1.5562993674345614e-05 education 9.548549978077324e-06 
164-1: died died 0.9342059035887456 spouse(s) 0.03424559228620708 born 0.013312853064908538 occupation 0.01294678535442341 education 0.005288865705715469 
166-0: died education 0.2 spouse(s) 0.2 died 0.2 occupation 0.2 born 0.2 
166-1: died died 0.5978721709244843 occupation 0.15514936058049086 spouse(s) 0.14613845963450225 born 0.05423595681000089 education 0.046604052050521684 
168-0: died died 0.9934005403984295 born 0.002659470826397903 spouse(s) 0.001960115453727055 occupation 0.0013193557734155308 education 0.0006605175480298378 
168-1: died died 0.9342059035887456 spouse(s) 0.03424559228620708 born 0.013312853064908538 occupation 0.01294678535442341 education 0.005288865705715469 
168-2: died died 0.9946748929734015 spouse(s) 0.0033905102173439274 born 0.0010817055616609743 occupation 0.0005683530251251577 education 0.0002845382224683491 
174-0: died died 0.9999558956282867 occupation 2.550484709915865e-05 spouse(s) 1.176755491715934e-05 born 5.093270315956987e-06 education 1.7386993809765257e-06 
174-1: died died 0.9342059035887456 spouse(s) 0.03424559228620708 born 0.013312853064908538 occupation 0.01294678535442341 education 0.005288865705715469 
174-2: died died 0.9715839601132178 spouse(s) 0.01312454485728241 education 0.005947761810180538 born 0.005383599277600185 occupation 0.003960133941719104 
176-0: died died 0.9898044259234651 spouse(s) 0.005321314199010088 occupation 0.0038444493062425667 born 0.0007677293440168329 education 0.0002620812272652317 
180-0: died died 0.9342059035887456 spouse(s) 0.03424559228620708 born 0.013312853064908538 occupation 0.01294678535442341 education 0.005288865705715469 
181-0: died died 0.9949920096158674 spouse(s) 0.0026881500310728256 born 0.0011026609092150384 occupation 0.0008111088265722169 education 0.00040607061727246754 
181-1: died died 0.9934005403984295 born 0.002659470826397903 spouse(s) 0.001960115453727055 occupation 0.0013193557734155308 education 0.0006605175480298378 
181-2: died died 0.9342059035887456 spouse(s) 0.03424559228620708 born 0.013312853064908538 occupation 0.01294678535442341 education 0.005288865705715469 
181-3: died died 0.9946748929734015 spouse(s) 0.0033905102173439274 born 0.0010817055616609743 occupation 0.0005683530251251577 education 0.0002845382224683491 
183-0: died died 0.9999602632054005 occupation 2.5547804901805585e-05 spouse(s) 8.861352099610582e-06 born 4.046993468482636e-06 education 1.2806441294766222e-06 
183-1: died died 0.9973845243174951 spouse(s) 0.0012528191051130082 occupation 0.000838069137896343 born 0.00042174931958435314 education 0.00010283811991106427 
183-2: died died 0.9601814584508802 occupation 0.019568289205688334 spouse(s) 0.012970515302764933 born 0.005320417399108652 education 0.001959319641557999 
183-3: died died 0.9960548284547609 occupation 0.001945364460716953 born 0.0010368547994000989 spouse(s) 0.0007242397319023138 education 0.00023871255321977633 
187-0: died died 0.9696408646410137 spouse(s) 0.02357693414320451 born 0.0032236994882900395 occupation 0.002371328381478392 education 0.0011871733460132904 
187-1: died died 0.9883416064604844 spouse(s) 0.005313449895946664 occupation 0.0041799914336588286 born 0.0013798705077239343 education 0.0007850817021861326 
188-1: died died 0.6924989594072103 spouse(s) 0.28304932516649856 born 0.014758711920257565 education 0.00581876086736978 occupation 0.0038742426386638544 
189-0: died died 0.9999937725287589 spouse(s) 4.745864536504931e-06 born 8.868996374583395e-07 occupation 4.32063701916627e-07 education 1.6264336523106414e-07 
197-0: died died 0.9998672852684559 spouse(s) 6.737617941145786e-05 born 5.1284678858708985e-05 education 9.737217036397796e-06 occupation 4.316656237567542e-06 
200-0: died died 0.9999973775492513 spouse(s) 1.0942739905516172e-06 occupation 1.0516189894226842e-06 born 3.8869962129409014e-07 education 8.785814739769918e-08 
200-1: died died 0.9934005403984295 born 0.002659470826397903 spouse(s) 0.001960115453727055 occupation 0.0013193557734155308 education 0.0006605175480298378 
203-0: died died 0.9342059035887456 spouse(s) 0.03424559228620708 born 0.013312853064908538 occupation 0.01294678535442341 education 0.005288865705715469 
203-1: died died 0.8720907417735789 spouse(s) 0.11721176238162723 born 0.005636885055014163 occupation 0.0031363366107550078 education 0.0019242741790246897 
206-1: died spouse(s) 0.4187017829151439 died 0.3199008094593116 occupation 0.14341897267689113 education 0.05972021987848814 born 0.058258215070165084 
209-0: died died 0.9887152878810631 spouse(s) 0.008859098091139205 born 0.0012781409463392245 occupation 0.0007111516741223826 education 0.0004363214073359479 
209-1: died died 0.979966119511455 born 0.008361082240345184 spouse(s) 0.005268422215267309 occupation 0.004934010715836458 education 0.0014703653170961744 
209-2: died died 0.9934005403984295 born 0.002659470826397903 spouse(s) 0.001960115453727055 occupation 0.0013193557734155308 education 0.0006605175480298378 
212-0: died died 0.9997055267227205 spouse(s) 0.0001571856516814561 born 0.00011964489138589376 occupation 1.0070568407318883e-05 education 7.572165804985182e-06 
212-1: died died 0.9342059035887456 spouse(s) 0.03424559228620708 born 0.013312853064908538 occupation 0.01294678535442341 education 0.005288865705715469 
212-2: died died 0.9934005403984295 born 0.002659470826397903 spouse(s) 0.001960115453727055 occupation 0.0013193557734155308 education 0.0006605175480298378 
212-3: died died 0.9869225185916776 spouse(s) 0.012334297110329226 born 0.00048681049994079304 occupation 0.0001463395548594965 education 0.00011003424319311559 
213-0: died died 0.9342059035887456 spouse(s) 0.03424559228620708 born 0.013312853064908538 occupation 0.01294678535442341 education 0.005288865705715469 
213-1: died died 0.9999468490585381 occupation 3.073633253352245e-05 spouse(s) 1.4181284037269455e-05 born 6.137988183412286e-06 education 2.0953367076365283e-06 
213-2: died died 0.9702410374970737 spouse(s) 0.014257828031423385 occupation 0.011875114572644625 born 0.003617540294910727 education 8.479603947605275e-06 
214-0: died died 0.9964721564337911 spouse(s) 0.001922963510111031 born 0.0013146443142040328 occupation 0.00019340843556573718 education 9.682730632803515e-05 
214-1: died died 0.9342059035887456 spouse(s) 0.03424559228620708 born 0.013312853064908538 occupation 0.01294678535442341 education 0.005288865705715469 
214-2: died died 0.9934005403984295 born 0.002659470826397903 spouse(s) 0.001960115453727055 occupation 0.0013193557734155308 education 0.0006605175480298378 
215-0: died died 0.9342059035887456 spouse(s) 0.03424559228620708 born 0.013312853064908538 occupation 0.01294678535442341 education 0.005288865705715469 
215-1: died died 0.9342059035887456 spouse(s) 0.03424559228620708 born 0.013312853064908538 occupation 0.01294678535442341 education 0.005288865705715469 
219-0: died died 0.9934005403984295 born 0.002659470826397903 spouse(s) 0.001960115453727055 occupation 0.0013193557734155308 education 0.0006605175480298378 
223-3: died died 0.9983456443233298 spouse(s) 0.0014469535063803725 born 9.742055406012815e-05 education 7.126422845289733e-05 occupation 3.8717387776710355e-05 
223-4: died died 0.9934005403984295 born 0.002659470826397903 spouse(s) 0.001960115453727055 occupation 0.0013193557734155308 education 0.0006605175480298378 
34-3: spouse(s) spouse(s) 0.934278248572788 died 0.036402461592393874 occupation 0.010899844702362639 born 0.009906744772799413 education 0.00851270035965592 
320-0: spouse(s) spouse(s) 0.9743637606625287 died 0.016142298904583584 occupation 0.0047476159810849175 education 0.0034909906039214617 born 0.0012553338478813005 
320-1: spouse(s) spouse(s) 0.9911369378717472 occupation 0.00413728885465632 education 0.002007545856551325 died 0.0017169548521741445 born 0.0010012725648709687 
325-0: spouse(s) spouse(s) 0.9743637606625287 died 0.016142298904583584 occupation 0.0047476159810849175 education 0.0034909906039214617 born 0.0012553338478813005 
325-1: spouse(s) spouse(s) 0.9743637606625287 died 0.016142298904583584 occupation 0.0047476159810849175 education 0.0034909906039214617 born 0.0012553338478813005 
327-0: spouse(s) spouse(s) 0.9743637606625287 died 0.016142298904583584 occupation 0.0047476159810849175 education 0.0034909906039214617 born 0.0012553338478813005 
328-0: spouse(s) spouse(s) 0.5505816010991067 died 0.3685915101574198 occupation 0.05010261222027034 born 0.023883405896566068 education 0.006840870626637228 
328-1: spouse(s) spouse(s) 0.9743637606625287 died 0.016142298904583584 occupation 0.0047476159810849175 education 0.0034909906039214617 born 0.0012553338478813005 
329-0: spouse(s) spouse(s) 0.9743637606625287 died 0.016142298904583584 occupation 0.0047476159810849175 education 0.0034909906039214617 born 0.0012553338478813005 
329-1: spouse(s) spouse(s) 0.8434090035632218 education 0.05050723705808553 died 0.04670897231980175 occupation 0.041212766178411527 born 0.018162020880479558 
332-0: spouse(s) spouse(s) 0.7368072405805779 died 0.09378064607933455 born 0.09114973516068112 occupation 0.047977312625489925 education 0.030285065553916586 
333-1: spouse(s) spouse(s) 0.8014296298281103 died 0.1698542825507348 born 0.02356087999282454 occupation 0.004244511711952933 education 0.0009106959163773926 
334-1: spouse(s) spouse(s) 0.9930279609623969 died 0.0059142180148295765 born 0.0005010076899221529 occupation 0.0003982727861669116 education 0.00015854054668440387 
334-2: spouse(s) spouse(s) 0.9743637606625287 died 0.016142298904583584 occupation 0.0047476159810849175 education 0.0034909906039214617 born 0.0012553338478813005 
334-3: spouse(s) spouse(s) 0.9854348547303122 died 0.010813732365595295 occupation 0.0024759890573605387 education 0.000804241711372202 born 0.0004711821353598067 
335-0: spouse(s) spouse(s) 0.9743637606625287 died 0.016142298904583584 occupation 0.0047476159810849175 education 0.0034909906039214617 born 0.0012553338478813005 
337-2: spouse(s) born 0.40719237221670773 spouse(s) 0.3859025213848403 education 0.07549145845657829 died 0.0698143206561582 occupation 0.06159932728571548 
343-1: spouse(s) spouse(s) 0.9743637606625287 died 0.016142298904583584 occupation 0.0047476159810849175 education 0.0034909906039214617 born 0.0012553338478813005 
344-0: spouse(s) spouse(s) 0.9743637606625287 died 0.016142298904583584 occupation 0.0047476159810849175 education 0.0034909906039214617 born 0.0012553338478813005 
344-1: spouse(s) spouse(s) 0.9939650438077543 died 0.0036535895829331714 occupation 0.0018232997311214058 education 0.0003286116884592657 born 0.0002294551897317955 
346-0: spouse(s) spouse(s) 0.9743637606625287 died 0.016142298904583584 occupation 0.0047476159810849175 education 0.0034909906039214617 born 0.0012553338478813005 
348-0: spouse(s) spouse(s) 0.9980281525492275 occupation 0.001363663568221753 born 0.00037891486307039884 died 0.000134741376507052 education 9.452764297333508e-05 
351-0: spouse(s) spouse(s) 0.9743637606625287 died 0.016142298904583584 occupation 0.0047476159810849175 education 0.0034909906039214617 born 0.0012553338478813005 
353-1: spouse(s) spouse(s) 0.9743929522972239 died 0.00974407637245938 education 0.007513503750776362 born 0.0058429534515793 occupation 0.002506514127961197 
354-0: spouse(s) spouse(s) 0.9980281525492275 occupation 0.001363663568221753 born 0.00037891486307039884 died 0.000134741376507052 education 9.452764297333508e-05 
357-0: spouse(s) spouse(s) 0.9743637606625287 died 0.016142298904583584 occupation 0.0047476159810849175 education 0.0034909906039214617 born 0.0012553338478813005 
358-0: spouse(s) spouse(s) 0.9743637606625287 died 0.016142298904583584 occupation 0.0047476159810849175 education 0.0034909906039214617 born 0.0012553338478813005 
360-0: spouse(s) spouse(s) 0.9743637606625287 died 0.016142298904583584 occupation 0.0047476159810849175 education 0.0034909906039214617 born 0.0012553338478813005 
363-0: spouse(s) spouse(s) 0.9743637606625287 died 0.016142298904583584 occupation 0.0047476159810849175 education 0.0034909906039214617 born 0.0012553338478813005 
363-1: spouse(s) spouse(s) 0.9879830356274637 died 0.004037934068541088 born 0.004029311803304456 education 0.0022032947686980216 occupation 0.001746423731992756 
369-0: spouse(s) spouse(s) 0.9743637606625287 died 0.016142298904583584 occupation 0.0047476159810849175 education 0.0034909906039214617 born 0.0012553338478813005 
371-0: spouse(s) spouse(s) 0.989601420659753 died 0.008585795908486012 occupation 0.0014178411175806576 born 0.0002124164261425279 education 0.00018252588803792876 
371-1: spouse(s) spouse(s) 0.9743637606625287 died 0.016142298904583584 occupation 0.0047476159810849175 education 0.0034909906039214617 born 0.0012553338478813005 
372-0: spouse(s) spouse(s) 0.9743637606625287 died 0.016142298904583584 occupation 0.0047476159810849175 education 0.0034909906039214617 born 0.0012553338478813005 
374-0: spouse(s) spouse(s) 0.9743637606625287 died 0.016142298904583584 occupation 0.0047476159810849175 education 0.0034909906039214617 born 0.0012553338478813005 
376-0: spouse(s) spouse(s) 0.9743637606625287 died 0.016142298904583584 occupation 0.0047476159810849175 education 0.0034909906039214617 born 0.0012553338478813005 
378-0: spouse(s) spouse(s) 0.9874526503138804 occupation 0.012052936532965162 born 0.00031459596372395977 education 0.0001375300414190749 died 4.2287148011416454e-05 
378-1: spouse(s) spouse(s) 0.9939650438077543 died 0.0036535895829331714 occupation 0.0018232997311214058 education 0.0003286116884592657 born 0.0002294551897317955 
379-1: spouse(s) spouse(s) 0.9911369378717472 occupation 0.00413728885465632 education 0.002007545856551325 died 0.0017169548521741445 born 0.0010012725648709687 
379-2: spouse(s) spouse(s) 0.9860740573384739 died 0.012676051776104393 education 0.0006410676976136749 occupation 0.0005131777857659394 born 9.564540204214243e-05 
382-0: spouse(s) spouse(s) 0.9743637606625287 died 0.016142298904583584 occupation 0.0047476159810849175 education 0.0034909906039214617 born 0.0012553338478813005 
384-0: spouse(s) spouse(s) 0.9743637606625287 died 0.016142298904583584 occupation 0.0047476159810849175 education 0.0034909906039214617 born 0.0012553338478813005 
385-0: spouse(s) spouse(s) 0.9743637606625287 died 0.016142298904583584 occupation 0.0047476159810849175 education 0.0034909906039214617 born 0.0012553338478813005 
386-0: spouse(s) spouse(s) 0.7798954829846609 died 0.12407614095868182 born 0.07029982885700718 occupation 0.02189524081428768 education 0.0038333063853625035 
387-0: spouse(s) spouse(s) 0.9743637606625287 died 0.016142298904583584 occupation 0.0047476159810849175 education 0.0034909906039214617 born 0.0012553338478813005 
388-0: spouse(s) spouse(s) 0.9743637606625287 died 0.016142298904583584 occupation 0.0047476159810849175 education 0.0034909906039214617 born 0.0012553338478813005 
389-0: spouse(s) spouse(s) 0.9743637606625287 died 0.016142298904583584 occupation 0.0047476159810849175 education 0.0034909906039214617 born 0.0012553338478813005 
389-1: spouse(s) spouse(s) 0.96901374503675 born 0.019181880247336188 died 0.007881325399202586 education 0.0033215278812441075 occupation 0.0006015214354669 
391-0: spouse(s) spouse(s) 0.9743637606625287 died 0.016142298904583584 occupation 0.0047476159810849175 education 0.0034909906039214617 born 0.0012553338478813005 
392-2: spouse(s) spouse(s) 0.5922432375891545 died 0.2060457529090778 occupation 0.10908031174682835 born 0.0480705151170582 education 0.04456018263788117 
287-0: occupation occupation 0.7238189188357312 spouse(s) 0.18702132413666941 born 0.08590608583753415 education 0.002837992646503217 died 0.00041567854356204997 
288-0: occupation spouse(s) 0.6212367734749327 born 0.1830702979094161 occupation 0.1742076174673305 education 0.016422740682334767 died 0.005062570465986027 
289-0: occupation spouse(s) 0.46975477229174945 occupation 0.28670415657850484 born 0.08747129413887708 education 0.0810837336131862 died 0.07498604337768247 
289-1: occupation occupation 0.4425061132067038 spouse(s) 0.3146795264697647 died 0.1491003912116463 born 0.07905716116341358 education 0.014656807948471602 
291-0: occupation occupation 0.47785545943880053 spouse(s) 0.20727336829047577 education 0.14804360059236182 died 0.12210199100738998 born 0.044725580670971925 
291-1: occupation spouse(s) 0.6212367734749327 born 0.1830702979094161 occupation 0.1742076174673305 education 0.016422740682334767 died 0.005062570465986027 
292-0: occupation occupation 0.8993186063618859 died 0.038256548256318954 spouse(s) 0.03437922998074232 born 0.027361649183793336 education 0.0006839662172594774 
293-0: occupation born 0.4181475384192869 died 0.28299716792981167 spouse(s) 0.18771390102626492 education 0.06120196757717278 occupation 0.04993942504746374 
293-1: occupation born 0.4623674209681945 spouse(s) 0.14606425671031684 education 0.14286773416079346 died 0.13212373966595758 occupation 0.11657684849473769 
294-0: occupation occupation 0.40352561682653754 born 0.24896113271405332 died 0.21342556413322347 spouse(s) 0.10111899583218005 education 0.032968690494005665 
294-1: occupation spouse(s) 0.45710204651977115 occupation 0.27780056051321783 born 0.15487336333673 died 0.056900336058220397 education 0.053323693572060564 
294-2: occupation education 0.2 spouse(s) 0.2 died 0.2 occupation 0.2 born 0.2 
294-3: occupation spouse(s) 0.2828825296346032 education 0.23412385358059606 occupation 0.1910397835325879 died 0.17715042095402844 born 0.1148034122981844 
294-4: occupation occupation 0.6808887567046826 education 0.1768911111329697 born 0.08109592838268075 died 0.033109781780585004 spouse(s) 0.028014421999081846 
295-0: occupation died 0.5205744909312008 spouse(s) 0.24664322660968896 born 0.08675009444870259 education 0.08041519927702814 occupation 0.06561698873337955 
295-1: occupation spouse(s) 0.5575751283135199 died 0.16811986896884018 occupation 0.14833734303378487 born 0.0653706647564393 education 0.060596994927415736 
295-2: occupation spouse(s) 0.281968939786416 education 0.27579823043840634 born 0.21818491222107936 died 0.11902685454242094 occupation 0.10502106301167738 
298-0: occupation born 0.4660115146622201 education 0.34074758634096375 spouse(s) 0.08923424678832596 died 0.08670432644751405 occupation 0.017302325760976126 
302-0: occupation occupation 0.49274409685463694 born 0.19160029494113753 spouse(s) 0.181582568733664 died 0.09855128932805346 education 0.03552175014250805 
302-1: occupation occupation 0.4425061132067038 spouse(s) 0.3146795264697647 died 0.1491003912116463 born 0.07905716116341358 education 0.014656807948471602 
302-2: occupation education 0.7285567600875974 born 0.1489710137389185 died 0.07486306148606392 occupation 0.04274081509035192 spouse(s) 0.004868349597068307 
303-0: occupation occupation 0.870773119668885 spouse(s) 0.08271173013203437 born 0.022245048652341715 died 0.014472910734538878 education 0.009797190812199886 
303-1: occupation occupation 0.49274409685463694 born 0.19160029494113753 spouse(s) 0.181582568733664 died 0.09855128932805346 education 0.03552175014250805 
303-2: occupation occupation 0.4324521405839598 spouse(s) 0.2518403329095818 died 0.15877279332277153 born 0.10468313374256807 education 0.052251599441118776 
304-0: occupation occupation 0.6258500350941932 born 0.1805020866439836 spouse(s) 0.1682966185450191 died 0.018950207090787992 education 0.006401052626016035 
306-0: occupation occupation 0.4609556159611394 born 0.2611776352861327 spouse(s) 0.21451914675911724 education 0.04842104604429384 died 0.014926555949316835 
306-1: occupation spouse(s) 0.6212367734749327 born 0.1830702979094161 occupation 0.1742076174673305 education 0.016422740682334767 died 0.005062570465986027 
308-0: occupation born 0.4342573337226349 occupation 0.32846832911651935 spouse(s) 0.08231048096560929 education 0.08050916889656222 died 0.07445468729867423 
308-1: occupation spouse(s) 0.45710204651977115 occupation 0.27780056051321783 born 0.15487336333673 died 0.056900336058220397 education 0.053323693572060564 
311-0: occupation occupation 0.4999164200764596 spouse(s) 0.41989239915814613 born 0.06043584014429002 died 0.011666469747162346 education 0.00808887087394189 
311-1: occupation education 0.2 spouse(s) 0.2 died 0.2 occupation 0.2 born 0.2 
311-2: occupation occupation 0.5317526603655257 spouse(s) 0.23575222117586048 born 0.11897142408850965 died 0.08344635501393388 education 0.030077339356170293 
311-3: occupation occupation 0.6316161993939537 spouse(s) 0.11753163772458533 died 0.09213906176852243 education 0.0843036577065881 born 0.07440944340635032 
312-0: occupation spouse(s) 0.6212367734749327 born 0.1830702979094161 occupation 0.1742076174673305 education 0.016422740682334767 died 0.005062570465986027 
323-1: occupation occupation 0.7122932899584791 spouse(s) 0.12963252847564408 born 0.08134990159132398 died 0.04262432241742325 education 0.03409995755712964 
326-0: occupation occupation 0.4732966022555145 spouse(s) 0.369426268589859 died 0.09843306034702741 education 0.0414839050309882 born 0.017360163776610864 
326-1: occupation spouse(s) 0.9452456427163228 occupation 0.04433657709954987 died 0.006270317901879213 education 0.002857468837715627 born 0.0012899934445325782 
337-0: occupation spouse(s) 0.5524155300125567 occupation 0.3504542440400656 born 0.04483782574616369 died 0.038437880443664835 education 0.01385451975754915 
340-0: occupation spouse(s) 0.9653793740215331 born 0.02564345930529468 occupation 0.00760013527735924 died 0.001251594983757096 education 0.00012543641205609463 
343-0: occupation died 0.5623454153785438 education 0.27639728799259555 born 0.05963422600277617 spouse(s) 0.056516280130751655 occupation 0.04510679049533294 
356-0: occupation occupation 0.5790768680991771 spouse(s) 0.1644992051069659 born 0.1253134222756639 died 0.10626133576403798 education 0.02484916875415509 
359-1: occupation born 0.25837370769458895 spouse(s) 0.24486476678356744 died 0.2214946313939128 occupation 0.1954315413088395 education 0.07983535281909127 
361-3: occupation occupation 0.4690049561043401 born 0.19068666527286268 spouse(s) 0.1449093867874071 died 0.1280613477472227 education 0.06733764408816746 
363-2: occupation occupation 0.5000068781726621 born 0.30812545397882846 died 0.12545226517956476 spouse(s) 0.03469282997060286 education 0.03172257269834187 
365-2: occupation spouse(s) 0.23253856262386638 education 0.2117634256871155 occupation 0.2111928851291866 born 0.177679898839032 died 0.16682522772079955 
368-0: occupation born 0.5108945180657495 spouse(s) 0.2161953721585516 died 0.1269073995495207 occupation 0.1250741061537281 education 0.02092860407245005 
375-0: occupation died 0.32958284405503485 born 0.26795607423541834 education 0.16199261481375601 spouse(s) 0.14353476576832624 occupation 0.09693370112746454 
395-0: occupation born 0.4063090017120211 died 0.26797214651052453 occupation 0.16093417602898122 spouse(s) 0.08421516638127874 education 0.08056950936719448 
395-1: occupation spouse(s) 0.8162289148074666 occupation 0.08381645029149945 born 0.03501698930748072 education 0.03500208794164715 died 0.029935557651905986 
399-0: occupation occupation 0.5182095818762471 born 0.3176038793610511 spouse(s) 0.13734768730093302 education 0.018194114010677467 died 0.008644737451091275 
