4-0: occupation 0.6952769231772816 spouse(s) 0.10512599589279896 education 0.10057511342402839 died 0.08601692879782809 born 0.013005038708062964 
16-0: died 0.3288291963214765 occupation 0.26250412373010407 born 0.23745402842385144 spouse(s) 0.08655340867219627 education 0.08465924285237171 
18-0: spouse(s) 0.23253856262386638 education 0.2117634256871155 occupation 0.2111928851291866 born 0.177679898839032 died 0.16682522772079955 
19-0: occupation 0.4616534541313855 spouse(s) 0.1928086336928066 education 0.1885891404422155 born 0.12206741431307015 died 0.03488135742052225 
20-1: occupation 0.8582502538298626 spouse(s) 0.04760187646319879 died 0.045722904446526776 born 0.034564599694656736 education 0.013860365565754902 
25-0: spouse(s) 0.5990728932810934 occupation 0.24919226987107923 education 0.07134862888904557 born 0.0690998003944233 died 0.011286407564358435 
26-0: spouse(s) 0.572346684853548 born 0.12078449422903403 education 0.11196424896973806 died 0.10354427029774889 occupation 0.09136030164993102 
26-1: spouse(s) 0.6644722547163311 died 0.1877777670976468 born 0.07664326108473574 occupation 0.05527919933490411 education 0.015827517766382332 
28-1: died 0.5919382686041246 occupation 0.3326753335980796 born 0.028471989683461534 spouse(s) 0.02423548773718676 education 0.022678920377147492 
29-0: education 0.2795922671629038 died 0.22814670137487772 spouse(s) 0.18496038277265564 born 0.1596800123638682 occupation 0.1476206363256947 
29-1: education 0.2795922671629038 died 0.22814670137487772 spouse(s) 0.18496038277265564 born 0.1596800123638682 occupation 0.1476206363256947 
30-0: born 0.9951945779430256 died 0.002362913501218179 education 0.001017996883163984 spouse(s) 0.0010033160646443435 occupation 0.0004211956079479299 
30-1: born 0.87769801445244 occupation 0.046867800435530384 spouse(s) 0.031532693659467564 died 0.025800901501813408 education 0.018100589950748758 
30-2: born 0.44456250930100194 died 0.22866461918541517 education 0.14835545576452505 occupation 0.0941536598645911 spouse(s) 0.0842637558844668 
31-0: education 0.9808423665248315 born 0.012364645350250841 died 0.005893153275155731 spouse(s) 0.0007016561752847479 occupation 0.00019817867447710744 
32-0: died 0.43278234086286177 spouse(s) 0.3248705155776682 born 0.10595429041852178 education 0.07510712956317615 occupation 0.06128572357777212 
32-1: died 0.43278234086286177 spouse(s) 0.3248705155776682 born 0.10595429041852178 education 0.07510712956317615 occupation 0.06128572357777212 
34-0: born 0.6899567549475035 occupation 0.14210751698909993 spouse(s) 0.12393895527730463 education 0.023714732742949073 died 0.02028204004314284 
34-1: occupation 0.5300104656775322 died 0.17650451341680765 born 0.17155287711493092 spouse(s) 0.09244963925046923 education 0.029482504540260027 
35-0: died 0.4923011927699547 education 0.27423265537654945 spouse(s) 0.11544578563807055 occupation 0.06581401796713847 born 0.0522063482482868 
35-1: died 0.7065063731003289 education 0.21808900566344414 spouse(s) 0.061276801014036965 occupation 0.009061313228850522 born 0.005066506993339433 
45-0: occupation 0.8789900409725131 died 0.053765260435757786 born 0.02438657027942285 spouse(s) 0.021903155680084628 education 0.02095497263222171 
50-0: born 0.8179112833051476 education 0.08263800075667134 died 0.061583925744145465 spouse(s) 0.02542810915087647 occupation 0.012438681043159169 
53-0: died 0.9342059035887458 spouse(s) 0.03424559228620708 born 0.013312853064908538 occupation 0.01294678535442341 education 0.005288865705715469 
55-0: died 0.2604649752953939 spouse(s) 0.21612269401388992 education 0.19250700914437313 born 0.17424715858471157 occupation 0.1566581629616315 
55-1: education 0.5207763194273474 born 0.2181812151764171 occupation 0.15256686120722138 died 0.060573621212364516 spouse(s) 0.047901982976649576 
55-2: education 0.5207763194273474 born 0.2181812151764171 occupation 0.15256686120722138 died 0.060573621212364516 spouse(s) 0.047901982976649576 
56-0: spouse(s) 0.4741546834428482 died 0.2573405350530467 born 0.10006266331502654 education 0.09275562247861477 occupation 0.07568649571046368 
59-0: born 0.5079170857522111 occupation 0.2599944864703574 spouse(s) 0.12105557648869053 education 0.07629099376876286 died 0.034741857519978186 
62-0: occupation 0.75144962696782 education 0.11098710649896776 died 0.06287027808414815 born 0.04305413835417488 spouse(s) 0.031638850094889266 
62-1: occupation 0.9358051151651046 education 0.04544527603375135 born 0.008644507421611962 died 0.006492872397248435 spouse(s) 0.0036122289822836293 
64-1: education 0.6193659216692595 occupation 0.2085112167384225 died 0.090944807003322 born 0.07734977365241934 spouse(s) 0.0038282809365766386 
65-1: occupation 0.8829858311882456 education 0.06880273629629016 born 0.0398452156723489 died 0.005298711296374374 spouse(s) 0.0030675055467408356 
70-0: died 0.6994820046578551 education 0.11942561851613039 occupation 0.09744861089821842 born 0.04294455019702798 spouse(s) 0.04069921573076798 
70-1: died 0.4923011927699547 education 0.27423265537654945 spouse(s) 0.11544578563807055 occupation 0.06581401796713847 born 0.0522063482482868 
74-0: died 0.6810451556288851 education 0.1830770207066565 born 0.08834104424672681 spouse(s) 0.032671389984072124 occupation 0.014865389433659396 
74-1: died 0.45444587248760987 born 0.29473980247388154 education 0.20360518858362167 spouse(s) 0.02595341915706072 occupation 0.021255717297826243 
76-2: occupation 0.658629779730071 born 0.11825041942727513 education 0.1096152240901532 died 0.0829406435677692 spouse(s) 0.03056393318473144 
77-0: died 0.9898291091104491 occupation 0.004488289503582481 born 0.0038322845012475314 spouse(s) 0.0012548968471224667 education 0.000595420037598567 
77-1: born 0.42662448116768875 spouse(s) 0.41160365257544385 died 0.07578190479130335 occupation 0.061050388058989324 education 0.024939573406574753 
78-2: born 0.6258302230676098 education 0.19359556578693154 died 0.1287787892127013 spouse(s) 0.03747323943216486 occupation 0.014322182500592497 
82-0: spouse(s) 0.9743637606625287 died 0.016142298904583584 occupation 0.0047476159810849175 education 0.0034909906039214613 born 0.0012553338478813005 
82-1: spouse(s) 0.9911369378717472 occupation 0.00413728885465632 education 0.002007545856551325 died 0.0017169548521741445 born 0.0010012725648709687 
83-0: born 0.8179112833051476 education 0.08263800075667134 died 0.061583925744145465 spouse(s) 0.02542810915087647 occupation 0.012438681043159169 
83-1: born 0.6610134769774693 spouse(s) 0.16611798539669706 died 0.10972927583801127 education 0.05738789419695727 occupation 0.005751367590865108 
84-0: spouse(s) 0.6212367734749327 born 0.1830702979094161 occupation 0.17420761746733052 education 0.016422740682334767 died 0.005062570465986027 
85-0: spouse(s) 0.6275082185384254 born 0.15176013330983096 occupation 0.10923285680912641 education 0.1027615031567549 died 0.008737288185862302 
86-0: born 0.8179112833051476 education 0.08263800075667134 died 0.061583925744145465 spouse(s) 0.02542810915087647 occupation 0.012438681043159169 
86-1: born 0.8179112833051476 education 0.08263800075667134 died 0.061583925744145465 spouse(s) 0.02542810915087647 occupation 0.012438681043159169 
87-0: born 0.8179112833051476 education 0.08263800075667134 died 0.061583925744145465 spouse(s) 0.02542810915087647 occupation 0.012438681043159169 
89-0: born 0.8900230647072928 spouse(s) 0.08106910845618369 died 0.019286924390548844 occupation 0.009155131813514145 education 0.00046577063246052135 
90-0: spouse(s) 0.398407589326573 occupation 0.33379269506931725 born 0.1942279644279826 died 0.06117369971448733 education 0.012398051461639822 
91-0: occupation 0.9999952562358833 spouse(s) 3.988847927936947e-06 born 7.229321504153838e-07 died 3.1156842988744565e-08 education 8.27195555385208e-10 
91-1: spouse(s) 0.44537055524172264 born 0.15664706573528425 education 0.14520796879032108 died 0.13428798306748704 occupation 0.11848642716518493 
92-0: occupation 0.37652793180456534 spouse(s) 0.36693097242900524 education 0.15381468150198008 born 0.05531059744864937 died 0.047415816815799997 
92-1: born 0.3482204377042183 occupation 0.2877714992745988 died 0.2090752442610545 education 0.09974000250224134 spouse(s) 0.05519281625788712 
93-0: born 0.8179112833051476 education 0.08263800075667134 died 0.061583925744145465 spouse(s) 0.02542810915087647 occupation 0.012438681043159169 
94-0: born 0.5864847615943783 spouse(s) 0.1852735657603847 education 0.11532116440556532 occupation 0.06721390637547785 died 0.04570660186419375 
94-1: died 0.4698972277403833 born 0.37716103722951605 spouse(s) 0.0875566905101766 education 0.039370501649556536 occupation 0.02601454287036744 
94-2: died 0.5257609954419585 born 0.42199985586054595 spouse(s) 0.0445299428766963 education 0.004004642430558433 occupation 0.003704563390240663 
95-0: born 0.8179112833051476 education 0.08263800075667134 died 0.061583925744145465 spouse(s) 0.02542810915087647 occupation 0.012438681043159169 
95-1: born 0.9136073618085166 died 0.07222942724519542 spouse(s) 0.00805898133487212 education 0.004901697346816972 occupation 0.0012025322645987727 
96-1: died 0.7085081673138639 education 0.24548308952649095 occupation 0.036275460967982724 born 0.007824899058665225 spouse(s) 0.001908383132997134 
97-0: died 0.9342059035887458 spouse(s) 0.03424559228620708 born 0.013312853064908538 occupation 0.01294678535442341 education 0.005288865705715469 
97-2: spouse(s) 0.6913890162606365 died 0.20435539004244171 occupation 0.04910254392369707 born 0.04040353676027353 education 0.014749513012951184 
98-0: born 0.9739442262907925 died 0.014769374315000212 education 0.010307748847935685 spouse(s) 0.0009516656925560909 occupation 2.69848537155377e-05 
99-3: spouse(s) 0.5632464167553823 occupation 0.25627551617069055 education 0.12435313769426416 died 0.035451032986451685 born 0.020673896393211363 
100-0: occupation 0.5317526603655257 spouse(s) 0.2357522211758605 born 0.11897142408850965 died 0.08344635501393388 education 0.030077339356170293 
102-0: occupation 0.8912251704185973 spouse(s) 0.05500760018704811 born 0.029290823584918274 died 0.01761210155324852 education 0.006864304256188071 
104-0: education 0.4541852860596401 occupation 0.3043162124131124 died 0.15157225260081733 born 0.0876763127574895 spouse(s) 0.0022499361689407114 
105-1: occupation 0.6204217215505115 born 0.1604577106303229 spouse(s) 0.15045227839034842 education 0.03701294500933605 died 0.03165534441948106 
107-0: occupation 0.5317526603655257 spouse(s) 0.2357522211758605 born 0.11897142408850965 died 0.08344635501393388 education 0.030077339356170293 
108-1: occupation 0.8901727532965281 born 0.07580861114890457 spouse(s) 0.017065247984426626 died 0.014809504131845494 education 0.0021438834382952175 
111-0: occupation 0.9949707868071306 died 0.004676999976332666 born 0.00031173548939407143 spouse(s) 3.632837224766369e-05 education 4.149354894771413e-06 
111-1: occupation 0.6396378470957153 born 0.12945253315311367 died 0.12573786836940784 spouse(s) 0.09350359752199447 education 0.011668153859768798 
113-3: education 0.5394612978077 died 0.3174770588465465 born 0.05290532924686482 spouse(s) 0.05013920039787665 occupation 0.04001711370101203 
113-4: occupation 0.5317526603655257 spouse(s) 0.2357522211758605 born 0.11897142408850965 died 0.08344635501393388 education 0.030077339356170293 
115-0: education 0.28717871215545143 spouse(s) 0.2601500590804065 died 0.24560977357869798 occupation 0.140220004522184 born 0.06684145066326007 
115-2: occupation 0.5317526603655257 spouse(s) 0.2357522211758605 born 0.11897142408850965 died 0.08344635501393388 education 0.030077339356170293 
116-1: died 0.7746503544690027 born 0.09622894681913091 spouse(s) 0.08191051930424514 education 0.04258315018355462 occupation 0.004627029224066638 
116-2: died 0.488377176724336 born 0.26004006131082696 education 0.12413782361933755 spouse(s) 0.07785293135645466 occupation 0.04959200698904479 
117-0: occupation 0.32561624524833516 spouse(s) 0.26398634939365195 born 0.2279047161514778 education 0.11736780795433038 died 0.06512488125220471 
118-0: occupation 0.35679101465979746 spouse(s) 0.3360689924774994 born 0.22450381735374822 education 0.06430412715650413 died 0.018332048352450708 
120-2: spouse(s) 0.3985950123182152 occupation 0.3554648079293196 born 0.14792944941968303 education 0.07626798344918675 died 0.021742746883595388 
120-4: died 0.8304087238038684 spouse(s) 0.10440657376429792 education 0.03440259167323163 born 0.015530919234408268 occupation 0.0152511915241937 
121-0: spouse(s) 0.30248032168802186 occupation 0.28530944628392724 born 0.20310681640184755 education 0.13448215177560058 died 0.07462126385060275 
121-1: occupation 0.6316161993939537 spouse(s) 0.11753163772458533 died 0.09213906176852243 education 0.0843036577065881 born 0.07440944340635032 
122-0: occupation 0.7416646936125032 education 0.12131726460937041 spouse(s) 0.05763940920671389 died 0.040873838357800577 born 0.03850479421361197 
124-0: education 0.5370485404990951 born 0.24351017969176053 occupation 0.10251413433844796 died 0.09756912410037907 spouse(s) 0.019358021370317294 
124-1: occupation 0.6452523315040745 born 0.13286533866823252 education 0.12935000004657124 died 0.0592689228762366 spouse(s) 0.03326340690488528 
125-0: spouse(s) 0.28081660632075656 occupation 0.2764494548551957 born 0.25580948679576165 died 0.1462183741622711 education 0.04070607786601498 
125-1: died 0.465482814292413 born 0.19389609241689879 spouse(s) 0.17415061852920477 occupation 0.11093324992098398 education 0.05553722484049945 
125-2: occupation 0.3298380918370983 died 0.29390410352836877 spouse(s) 0.2938878724856757 born 0.07790698726488032 education 0.004462944883976934 
127-0: born 0.8179112833051476 education 0.08263800075667134 died 0.061583925744145465 spouse(s) 0.02542810915087647 occupation 0.012438681043159169 
129-0: spouse(s) 0.6212367734749327 born 0.1830702979094161 occupation 0.17420761746733052 education 0.016422740682334767 died 0.005062570465986027 
129-1: occupation 0.8707731196688854 spouse(s) 0.08271173013203437 born 0.022245048652341715 died 0.014472910734538878 education 0.009797190812199886 
129-2: occupation 0.49274409685463694 born 0.1916002949411375 spouse(s) 0.181582568733664 died 0.09855128932805345 education 0.03552175014250806 
130-0: education 0.6045873415685377 occupation 0.3484337005314449 born 0.03183001447900971 died 0.01269849248682053 spouse(s) 0.0024504509341873406 
132-0: spouse(s) 0.45710204651977115 occupation 0.27780056051321783 born 0.15487336333673 died 0.056900336058220397 education 0.053323693572060564 
134-0: spouse(s) 0.6212367734749327 born 0.1830702979094161 occupation 0.17420761746733052 education 0.016422740682334767 died 0.005062570465986027 
135-0: born 0.8179112833051476 education 0.08263800075667134 died 0.061583925744145465 spouse(s) 0.02542810915087647 occupation 0.012438681043159169 
136-0: education 0.84161010383774 died 0.12140130857463714 born 0.036117317489467914 spouse(s) 0.0006103554146617301 occupation 0.0002609146834931619 
137-0: born 0.8179112833051476 education 0.08263800075667134 died 0.061583925744145465 spouse(s) 0.02542810915087647 occupation 0.012438681043159169 
138-0: born 0.9337575180170645 education 0.02702233238097968 spouse(s) 0.022913002447608542 died 0.014091383201556607 occupation 0.0022157639527905925 
138-1: occupation 0.3632429656926734 born 0.28053669655885966 education 0.26401864168414263 died 0.051154253478978305 spouse(s) 0.04104744258534602 
139-0: born 0.9227233567183464 died 0.062329211032355974 education 0.014068341014674007 spouse(s) 0.0006322501020923535 occupation 0.0002468411325312194 
140-0: born 0.8179112833051476 education 0.08263800075667134 died 0.061583925744145465 spouse(s) 0.02542810915087647 occupation 0.012438681043159169 
142-0: born 0.8939445004887039 died 0.07806664743679596 education 0.024624840634208642 occupation 0.0018146687577218048 spouse(s) 0.0015493426825697377 
142-1: born 0.8252741374346045 spouse(s) 0.08235911862718097 education 0.05014151515789375 occupation 0.02384655923680145 died 0.01837866954351929 
143-0: died 0.8711820513671805 occupation 0.10293397454531607 spouse(s) 0.016480911457407193 education 0.006323469975627884 born 0.0030795926544683713 
143-1: spouse(s) 0.3271345917660776 occupation 0.2679215543370057 born 0.15609669928300615 education 0.13413128717881154 died 0.11471586743509901 
144-0: occupation 0.5704270090859678 died 0.2855993891754434 born 0.06276850237130126 spouse(s) 0.053428836074104126 education 0.027776263293183428 
146-1: died 0.3248028817972894 spouse(s) 0.24858912541049086 education 0.24314891188503682 occupation 0.15431424363931937 born 0.0291448372678635 
147-0: born 0.9163684977562361 died 0.06519369022723447 education 0.011365330927706429 spouse(s) 0.0036554087146706085 occupation 0.00341707237415239 
148-0: occupation 0.6276787010962844 born 0.14644123595919628 spouse(s) 0.13878462870932798 education 0.0452491387161027 died 0.041846295519088625 
148-1: occupation 0.8707731196688854 spouse(s) 0.08271173013203437 born 0.022245048652341715 died 0.014472910734538878 education 0.009797190812199886 
148-2: occupation 0.49274409685463694 born 0.1916002949411375 spouse(s) 0.181582568733664 died 0.09855128932805345 education 0.03552175014250806 
148-3: occupation 0.5193356845397732 spouse(s) 0.2650993899205135 born 0.11261641933360071 died 0.059170945452463534 education 0.043777560753649164 
148-4: education 0.4424509033217803 occupation 0.27608173183500695 spouse(s) 0.1330442057105544 died 0.12034633520388033 born 0.028076823928778034 
148-6: education 0.7285567600875974 born 0.1489710137389185 died 0.07486306148606392 occupation 0.04274081509035192 spouse(s) 0.004868349597068306 
149-0: education 0.37944233996558113 occupation 0.30237589866108394 born 0.26707300680092694 died 0.04720481273754892 spouse(s) 0.003903941834859052 
150-0: died 0.9996411585454118 spouse(s) 0.00019387437669039347 born 0.00013985553424554183 occupation 1.5562993674345614e-05 education 9.548549978077324e-06 
150-1: died 0.9342059035887458 spouse(s) 0.03424559228620708 born 0.013312853064908538 occupation 0.01294678535442341 education 0.005288865705715469 
152-0: education 0.9862836647542207 born 0.009772385866505773 died 0.00246467337726024 occupation 0.0013495635144296836 spouse(s) 0.00012971248758376788 
153-0: education 0.9862836647542207 born 0.009772385866505773 died 0.00246467337726024 occupation 0.0013495635144296836 spouse(s) 0.00012971248758376788 
154-5: spouse(s) 0.684425619096041 occupation 0.1316156049453782 born 0.08657415331926319 died 0.0841628251211012 education 0.013221797518216356 
155-0: education 0.9344428317776491 born 0.03159379829975132 spouse(s) 0.015764685115063567 died 0.015142411280842965 occupation 0.003056273526693076 
155-1: education 0.6816878302587429 born 0.2688942001251682 died 0.033139739981588 spouse(s) 0.011500536603567353 occupation 0.004777693030933609 
155-2: education 0.7890369892321815 born 0.12364730582176739 died 0.04147765720939893 spouse(s) 0.03906082262731919 occupation 0.006777225109332999 
155-3: education 0.9997518815932892 born 0.0002456551900511263 spouse(s) 1.2952328570506184e-06 died 1.1254299789878672e-06 occupation 4.255382369096051e-08 
156-0: born 0.839276601776092 education 0.07860440853829036 died 0.054172786241145465 spouse(s) 0.02472811235524086 occupation 0.0032180910892312697 
158-0: education 0.9918306815042882 born 0.005442441694077643 occupation 0.0014265052528389503 died 0.0010836529315672654 spouse(s) 0.00021671861722776463 
159-0: occupation 0.4425061132067038 spouse(s) 0.3146795264697647 died 0.14910039121164637 born 0.07905716116341358 education 0.014656807948471602 
