0-0: born born 0.8179112833051474 education 0.08263800075667134 died 0.061583925744145465 spouse(s) 0.02542810915087647 occupation 0.012438681043159169 
0-1: born born 0.6610134769774691 spouse(s) 0.16611798539669703 died 0.10972927583801127 education 0.05738789419695727 occupation 0.005751367590865108 
1-0: born born 0.8179112833051474 education 0.08263800075667134 died 0.061583925744145465 spouse(s) 0.02542810915087647 occupation 0.012438681043159169 
1-1: born born 0.8179112833051474 education 0.08263800075667134 died 0.061583925744145465 spouse(s) 0.02542810915087647 occupation 0.012438681043159169 
2-0: born born 0.8179112833051474 education 0.08263800075667134 died 0.061583925744145465 spouse(s) 0.02542810915087647 occupation 0.012438681043159169 
3-0: born born 0.8900230647072928 spouse(s) 0.08106910845618369 died 0.019286924390548844 occupation 0.009155131813514145 education 0.00046577063246052135 
4-0: born born 0.8179112833051474 education 0.08263800075667134 died 0.061583925744145465 spouse(s) 0.02542810915087647 occupation 0.012438681043159169 
6-0: born born 0.8179112833051474 education 0.08263800075667134 died 0.061583925744145465 spouse(s) 0.02542810915087647 occupation 0.012438681043159169 
6-1: born born 0.9136073618085166 died 0.07222942724519542 spouse(s) 0.008058981334872121 education 0.004901697346816972 occupation 0.0012025322645987727 
7-0: born born 0.9739442262907922 died 0.014769374315000212 education 0.010307748847935684 spouse(s) 0.0009516656925560909 occupation 2.6984853715537704e-05 
20-0: education education 0.9862836647542205 born 0.009772385866505773 died 0.00246467337726024 occupation 0.0013495635144296833 spouse(s) 0.0001297124875837679 
23-0: education education 0.9918306815042884 born 0.005442441694077643 occupation 0.0014265052528389503 died 0.0010836529315672654 spouse(s) 0.00021671861722776463 
76-0: education education 0.5988262445467768 died 0.16516635783201578 spouse(s) 0.09666700774391591 born 0.07933335553801275 occupation 0.060007034339278814 
79-0: education education 0.7611648562726785 occupation 0.07417914797534093 died 0.07042713477618838 born 0.061231356542397745 spouse(s) 0.03299750443339445 
82-0: education education 0.9862836647542205 born 0.009772385866505773 died 0.00246467337726024 occupation 0.0013495635144296833 spouse(s) 0.0001297124875837679 
83-0: education education 0.9344428317776491 born 0.03159379829975132 spouse(s) 0.015764685115063567 died 0.015142411280842965 occupation 0.003056273526693076 
83-1: education education 0.6816878302587429 born 0.2688942001251682 died 0.033139739981588 spouse(s) 0.011500536603567353 occupation 0.004777693030933609 
83-2: education education 0.7890369892321815 born 0.12364730582176739 died 0.04147765720939893 spouse(s) 0.03906082262731919 occupation 0.006777225109332999 
83-3: education education 0.9997518815932892 born 0.00024565519005112637 spouse(s) 1.2952328570506182e-06 died 1.1254299789878674e-06 occupation 4.255382369096051e-08 
84-0: education education 0.4170986999559204 born 0.20479269006458942 spouse(s) 0.18096125364767962 died 0.15145898400664812 occupation 0.04568837232516249 
160-0: died died 0.9342059035887458 spouse(s) 0.03424559228620708 born 0.013312853064908538 occupation 0.01294678535442341 education 0.005288865705715468 
160-2: died spouse(s) 0.6913890162606365 died 0.20435539004244174 occupation 0.04910254392369707 born 0.04040353676027353 education 0.014749513012951184 
164-0: died died 0.9996411585454118 spouse(s) 0.00019387437669039344 born 0.00013985553424554183 occupation 1.5562993674345614e-05 education 9.548549978077326e-06 
164-1: died died 0.9342059035887458 spouse(s) 0.03424559228620708 born 0.013312853064908538 occupation 0.01294678535442341 education 0.005288865705715468 
166-0: died occupation 0.2 born 0.2 died 0.2 spouse(s) 0.2 education 0.2 
166-1: died died 0.5978721709244843 occupation 0.15514936058049086 spouse(s) 0.14613845963450225 born 0.05423595681000089 education 0.046604052050521684 
168-0: died died 0.9934005403984295 born 0.0026594708263979034 spouse(s) 0.001960115453727055 occupation 0.0013193557734155308 education 0.0006605175480298378 
168-1: died died 0.9342059035887458 spouse(s) 0.03424559228620708 born 0.013312853064908538 occupation 0.01294678535442341 education 0.005288865705715468 
168-2: died died 0.9946748929734017 spouse(s) 0.0033905102173439274 born 0.0010817055616609743 occupation 0.0005683530251251577 education 0.00028453822246834906 
174-0: died died 0.9999558956282867 occupation 2.550484709915865e-05 spouse(s) 1.176755491715934e-05 born 5.093270315956987e-06 education 1.7386993809765257e-06 
34-3: spouse(s) spouse(s) 0.9342782485727882 died 0.036402461592393874 occupation 0.010899844702362639 born 0.009906744772799415 education 0.00851270035965592 
320-0: spouse(s) spouse(s) 0.9743637606625287 died 0.016142298904583584 occupation 0.0047476159810849175 education 0.0034909906039214613 born 0.0012553338478813005 
320-1: spouse(s) spouse(s) 0.9911369378717472 occupation 0.00413728885465632 education 0.002007545856551325 died 0.0017169548521741443 born 0.0010012725648709687 
325-0: spouse(s) spouse(s) 0.9743637606625287 died 0.016142298904583584 occupation 0.0047476159810849175 education 0.0034909906039214613 born 0.0012553338478813005 
325-1: spouse(s) spouse(s) 0.9743637606625287 died 0.016142298904583584 occupation 0.0047476159810849175 education 0.0034909906039214613 born 0.0012553338478813005 
327-0: spouse(s) spouse(s) 0.9743637606625287 died 0.016142298904583584 occupation 0.0047476159810849175 education 0.0034909906039214613 born 0.0012553338478813005 
328-0: spouse(s) spouse(s) 0.5505816010991066 died 0.3685915101574198 occupation 0.05010261222027034 born 0.023883405896566068 education 0.006840870626637226 
328-1: spouse(s) spouse(s) 0.9743637606625287 died 0.016142298904583584 occupation 0.0047476159810849175 education 0.0034909906039214613 born 0.0012553338478813005 
329-0: spouse(s) spouse(s) 0.9743637606625287 died 0.016142298904583584 occupation 0.0047476159810849175 education 0.0034909906039214613 born 0.0012553338478813005 
329-1: spouse(s) spouse(s) 0.8434090035632216 education 0.05050723705808553 died 0.04670897231980175 occupation 0.04121276617841152 born 0.018162020880479558 
356-0: occupation occupation 0.5790768680991771 spouse(s) 0.1644992051069659 born 0.1253134222756639 died 0.10626133576403798 education 0.02484916875415509 
359-1: occupation born 0.25837370769458895 spouse(s) 0.24486476678356744 died 0.2214946313939128 occupation 0.1954315413088395 education 0.07983535281909127 
361-3: occupation occupation 0.4690049561043401 born 0.19068666527286268 spouse(s) 0.1449093867874071 died 0.1280613477472227 education 0.06733764408816748 
363-2: occupation occupation 0.5000068781726621 born 0.30812545397882846 died 0.12545226517956476 spouse(s) 0.03469282997060286 education 0.03172257269834187 
365-2: occupation spouse(s) 0.23253856262386638 education 0.2117634256871155 occupation 0.21119288512918657 born 0.177679898839032 died 0.16682522772079955 
368-0: occupation born 0.5108945180657495 spouse(s) 0.2161953721585516 died 0.1269073995495207 occupation 0.1250741061537281 education 0.02092860407245005 
375-0: occupation died 0.32958284405503485 born 0.2679560742354183 education 0.16199261481375601 spouse(s) 0.14353476576832624 occupation 0.09693370112746454 
395-0: occupation born 0.406309001712021 died 0.26797214651052453 occupation 0.16093417602898125 spouse(s) 0.08421516638127874 education 0.08056950936719448 
395-1: occupation spouse(s) 0.8162289148074667 occupation 0.08381645029149945 born 0.03501698930748072 education 0.03500208794164715 died 0.029935557651905986 
399-0: occupation occupation 0.5182095818762471 born 0.3176038793610511 spouse(s) 0.13734768730093302 education 0.018194114010677467 died 0.008644737451091275 
