0-0: born born 0.8179112833051474 education 0.08263800075667134 died 0.06158392574414548 spouse(s) 0.02542810915087647 occupation 0.012438681043159169 
0-1: born born 0.6610134769774693 spouse(s) 0.16611798539669703 died 0.10972927583801127 education 0.05738789419695727 occupation 0.005751367590865109 
1-0: born born 0.8179112833051474 education 0.08263800075667134 died 0.06158392574414548 spouse(s) 0.02542810915087647 occupation 0.012438681043159169 
1-1: born born 0.8179112833051474 education 0.08263800075667134 died 0.06158392574414548 spouse(s) 0.02542810915087647 occupation 0.012438681043159169 
2-0: born born 0.8179112833051474 education 0.08263800075667134 died 0.06158392574414548 spouse(s) 0.02542810915087647 occupation 0.012438681043159169 
3-0: born born 0.8900230647072928 spouse(s) 0.08106910845618369 died 0.019286924390548844 occupation 0.009155131813514145 education 0.00046577063246052135 
4-0: born born 0.8179112833051474 education 0.08263800075667134 died 0.06158392574414548 spouse(s) 0.02542810915087647 occupation 0.012438681043159169 
6-0: born born 0.8179112833051474 education 0.08263800075667134 died 0.06158392574414548 spouse(s) 0.02542810915087647 occupation 0.012438681043159169 
6-1: born born 0.9136073618085166 died 0.07222942724519542 spouse(s) 0.008058981334872121 education 0.004901697346816972 occupation 0.0012025322645987727 
7-0: born born 0.9739442262907925 died 0.014769374315000212 education 0.010307748847935685 spouse(s) 0.0009516656925560909 occupation 2.6984853715537704e-05 
9-0: born education 0.5370485404990951 born 0.24351017969176053 occupation 0.10251413433844796 died 0.09756912410037907 spouse(s) 0.019358021370317294 
10-0: born born 0.8179112833051474 education 0.08263800075667134 died 0.06158392574414548 spouse(s) 0.02542810915087647 occupation 0.012438681043159169 
12-0: born born 0.8179112833051474 education 0.08263800075667134 died 0.06158392574414548 spouse(s) 0.02542810915087647 occupation 0.012438681043159169 
13-0: born born 0.8179112833051474 education 0.08263800075667134 died 0.06158392574414548 spouse(s) 0.02542810915087647 occupation 0.012438681043159169 
14-0: born born 0.9337575180170645 education 0.02702233238097968 spouse(s) 0.022913002447608542 died 0.014091383201556607 occupation 0.0022157639527905925 
15-0: born born 0.9227233567183464 died 0.062329211032355974 education 0.014068341014674007 spouse(s) 0.0006322501020923536 occupation 0.0002468411325312194 
16-0: born born 0.8179112833051474 education 0.08263800075667134 died 0.06158392574414548 spouse(s) 0.02542810915087647 occupation 0.012438681043159169 
17-0: born born 0.8939445004887039 died 0.07806664743679596 education 0.024624840634208642 occupation 0.0018146687577218043 spouse(s) 0.001549342682569738 
18-0: born born 0.9163684977562361 died 0.06519369022723447 education 0.011365330927706429 spouse(s) 0.0036554087146706085 occupation 0.0034170723741523902 
21-0: born born 0.839276601776092 education 0.07860440853829036 died 0.054172786241145465 spouse(s) 0.02472811235524086 occupation 0.0032180910892312697 
24-0: born born 0.8179112833051474 education 0.08263800075667134 died 0.06158392574414548 spouse(s) 0.02542810915087647 occupation 0.012438681043159169 
25-0: born born 0.8179112833051474 education 0.08263800075667134 died 0.06158392574414548 spouse(s) 0.02542810915087647 occupation 0.012438681043159169 
26-0: born born 0.8179112833051474 education 0.08263800075667134 died 0.06158392574414548 spouse(s) 0.02542810915087647 occupation 0.012438681043159169 
26-1: born born 0.8677143395675665 died 0.09334726147155473 education 0.0270892704096054 spouse(s) 0.008521996854462859 occupation 0.003327131696810432 
27-0: born born 0.8179112833051474 education 0.08263800075667134 died 0.06158392574414548 spouse(s) 0.02542810915087647 occupation 0.012438681043159169 
20-0: education education 0.9862836647542207 born 0.009772385866505773 died 0.00246467337726024 occupation 0.0013495635144296833 spouse(s) 0.0001297124875837679 
23-0: education education 0.9918306815042882 born 0.005442441694077643 occupation 0.0014265052528389503 died 0.0010836529315672654 spouse(s) 0.00021671861722776463 
76-0: education education 0.5988262445467767 died 0.16516635783201578 spouse(s) 0.09666700774391591 born 0.07933335553801275 occupation 0.060007034339278814 
79-0: education education 0.7611648562726785 occupation 0.07417914797534093 died 0.07042713477618837 born 0.061231356542397745 spouse(s) 0.03299750443339445 
82-0: education education 0.9862836647542207 born 0.009772385866505773 died 0.00246467337726024 occupation 0.0013495635144296833 spouse(s) 0.0001297124875837679 
83-0: education education 0.934442831777649 born 0.03159379829975132 spouse(s) 0.015764685115063567 died 0.015142411280842967 occupation 0.003056273526693076 
83-1: education education 0.681687830258743 born 0.2688942001251682 died 0.03313973998158799 spouse(s) 0.011500536603567353 occupation 0.004777693030933609 
83-2: education education 0.7890369892321815 born 0.12364730582176739 died 0.04147765720939894 spouse(s) 0.03906082262731919 occupation 0.006777225109332999 
83-3: education education 0.9997518815932892 born 0.00024565519005112637 spouse(s) 1.2952328570506182e-06 died 1.1254299789878674e-06 occupation 4.255382369096051e-08 
84-0: education education 0.41709869995592036 born 0.20479269006458942 spouse(s) 0.1809612536476796 died 0.1514589840066481 occupation 0.04568837232516249 
86-0: education education 0.9435169754027907 born 0.04119613632802341 spouse(s) 0.007906178185385682 died 0.0069865723799378 occupation 0.00039413770386247495 
88-0: education education 0.8094912912424479 died 0.08163683962933359 born 0.05745788970321034 occupation 0.036964118503051084 spouse(s) 0.014449860921957079 
89-0: education born 0.7540352370329032 education 0.21692123904910648 died 0.02831058280879046 occupation 0.00047074714668881695 spouse(s) 0.0002621939625110928 
90-0: education died 0.48343337752996124 occupation 0.37635660123331366 education 0.08075049454561484 born 0.03132474639626071 spouse(s) 0.028134780294849494 
90-1: education education 0.5129740762411416 died 0.24373411124709257 spouse(s) 0.13901103790614697 born 0.06633099869967495 occupation 0.03794977590594394 
90-2: education education 0.9984790670556692 died 0.00110319090070661 born 0.0002590515303615339 occupation 0.00010228580747195581 spouse(s) 5.6404705790641836e-05 
92-0: education education 0.9474025844190668 born 0.020785395254640144 occupation 0.01823423484479149 died 0.00984404397609101 spouse(s) 0.003733741505410651 
93-2: education education 0.942507943677155 born 0.04966376406279407 died 0.004547424999011717 spouse(s) 0.002819101349196674 occupation 0.0004617659118424329 
94-0: education education 0.9423115818769963 born 0.03844956916239987 died 0.009949537914256242 spouse(s) 0.0056746082239804525 occupation 0.003614702822367119 
95-0: education education 0.9423115818769963 born 0.03844956916239987 died 0.009949537914256242 spouse(s) 0.0056746082239804525 occupation 0.003614702822367119 
95-1: education education 0.9423115818769963 born 0.03844956916239987 died 0.009949537914256242 spouse(s) 0.0056746082239804525 occupation 0.003614702822367119 
96-0: education education 0.8382766432701978 born 0.09068785452878979 died 0.049557831193596365 spouse(s) 0.011278055951095508 occupation 0.010199615056320476 
97-0: education education 0.934442831777649 born 0.03159379829975132 spouse(s) 0.015764685115063567 died 0.015142411280842967 occupation 0.003056273526693076 
97-1: education education 0.7890369892321815 born 0.12364730582176739 died 0.04147765720939894 spouse(s) 0.03906082262731919 occupation 0.006777225109332999 
98-0: education spouse(s) 0.2 occupation 0.2 died 0.2 education 0.2 born 0.2 
160-0: died died 0.9342059035887458 spouse(s) 0.03424559228620708 born 0.013312853064908538 occupation 0.01294678535442341 education 0.005288865705715469 
160-2: died spouse(s) 0.6913890162606365 died 0.20435539004244171 occupation 0.04910254392369707 born 0.04040353676027353 education 0.014749513012951184 
164-0: died died 0.999641158545412 spouse(s) 0.00019387437669039344 born 0.00013985553424554183 occupation 1.5562993674345614e-05 education 9.548549978077324e-06 
164-1: died died 0.9342059035887458 spouse(s) 0.03424559228620708 born 0.013312853064908538 occupation 0.01294678535442341 education 0.005288865705715469 
166-0: died spouse(s) 0.2 occupation 0.2 died 0.2 education 0.2 born 0.2 
166-1: died died 0.5978721709244843 occupation 0.15514936058049086 spouse(s) 0.14613845963450225 born 0.05423595681000089 education 0.046604052050521684 
168-0: died died 0.9934005403984295 born 0.0026594708263979034 spouse(s) 0.001960115453727055 occupation 0.0013193557734155308 education 0.0006605175480298378 
168-1: died died 0.9342059035887458 spouse(s) 0.03424559228620708 born 0.013312853064908538 occupation 0.01294678535442341 education 0.005288865705715469 
168-2: died died 0.9946748929734015 spouse(s) 0.0033905102173439274 born 0.0010817055616609743 occupation 0.0005683530251251577 education 0.0002845382224683491 
174-0: died died 0.9999558956282867 occupation 2.550484709915865e-05 spouse(s) 1.176755491715934e-05 born 5.093270315956987e-06 education 1.7386993809765257e-06 
174-1: died died 0.9342059035887458 spouse(s) 0.03424559228620708 born 0.013312853064908538 occupation 0.01294678535442341 education 0.005288865705715469 
174-2: died died 0.9715839601132178 spouse(s) 0.01312454485728241 education 0.005947761810180538 born 0.005383599277600184 occupation 0.003960133941719103 
176-0: died died 0.9898044259234653 spouse(s) 0.0053213141990100885 occupation 0.003844449306242566 born 0.0007677293440168329 education 0.0002620812272652317 
180-0: died died 0.9342059035887458 spouse(s) 0.03424559228620708 born 0.013312853064908538 occupation 0.01294678535442341 education 0.005288865705715469 
181-0: died died 0.9949920096158674 spouse(s) 0.0026881500310728256 born 0.0011026609092150384 occupation 0.0008111088265722169 education 0.00040607061727246754 
181-1: died died 0.9934005403984295 born 0.0026594708263979034 spouse(s) 0.001960115453727055 occupation 0.0013193557734155308 education 0.0006605175480298378 
181-2: died died 0.9342059035887458 spouse(s) 0.03424559228620708 born 0.013312853064908538 occupation 0.01294678535442341 education 0.005288865705715469 
181-3: died died 0.9946748929734015 spouse(s) 0.0033905102173439274 born 0.0010817055616609743 occupation 0.0005683530251251577 education 0.0002845382224683491 
183-0: died died 0.9999602632054005 occupation 2.5547804901805585e-05 spouse(s) 8.861352099610582e-06 born 4.046993468482636e-06 education 1.2806441294766222e-06 
183-1: died died 0.9973845243174951 spouse(s) 0.0012528191051130082 occupation 0.000838069137896343 born 0.00042174931958435303 education 0.00010283811991106427 
183-2: died died 0.9601814584508802 occupation 0.019568289205688337 spouse(s) 0.012970515302764933 born 0.0053204173991086515 education 0.001959319641557999 
183-3: died died 0.9960548284547609 occupation 0.001945364460716953 born 0.0010368547994000989 spouse(s) 0.0007242397319023138 education 0.00023871255321977633 
187-0: died died 0.9696408646410135 spouse(s) 0.02357693414320451 born 0.0032236994882900395 occupation 0.002371328381478392 education 0.0011871733460132904 
187-1: died died 0.9883416064604844 spouse(s) 0.005313449895946664 occupation 0.0041799914336588286 born 0.0013798705077239343 education 0.0007850817021861326 
188-1: died died 0.6924989594072103 spouse(s) 0.28304932516649856 born 0.014758711920257562 education 0.00581876086736978 occupation 0.0038742426386638544 
34-3: spouse(s) spouse(s) 0.934278248572788 died 0.036402461592393874 occupation 0.010899844702362639 born 0.009906744772799413 education 0.00851270035965592 
320-0: spouse(s) spouse(s) 0.9743637606625287 died 0.016142298904583584 occupation 0.0047476159810849175 education 0.0034909906039214617 born 0.0012553338478813005 
320-1: spouse(s) spouse(s) 0.9911369378717472 occupation 0.00413728885465632 education 0.002007545856551325 died 0.0017169548521741445 born 0.0010012725648709687 
325-0: spouse(s) spouse(s) 0.9743637606625287 died 0.016142298904583584 occupation 0.0047476159810849175 education 0.0034909906039214617 born 0.0012553338478813005 
325-1: spouse(s) spouse(s) 0.9743637606625287 died 0.016142298904583584 occupation 0.0047476159810849175 education 0.0034909906039214617 born 0.0012553338478813005 
327-0: spouse(s) spouse(s) 0.9743637606625287 died 0.016142298904583584 occupation 0.0047476159810849175 education 0.0034909906039214617 born 0.0012553338478813005 
328-0: spouse(s) spouse(s) 0.5505816010991067 died 0.36859151015741987 occupation 0.05010261222027034 born 0.023883405896566068 education 0.006840870626637228 
328-1: spouse(s) spouse(s) 0.9743637606625287 died 0.016142298904583584 occupation 0.0047476159810849175 education 0.0034909906039214617 born 0.0012553338478813005 
329-0: spouse(s) spouse(s) 0.9743637606625287 died 0.016142298904583584 occupation 0.0047476159810849175 education 0.0034909906039214617 born 0.0012553338478813005 
329-1: spouse(s) spouse(s) 0.8434090035632218 education 0.05050723705808553 died 0.04670897231980175 occupation 0.041212766178411527 born 0.018162020880479558 
332-0: spouse(s) spouse(s) 0.7368072405805779 died 0.09378064607933455 born 0.09114973516068112 occupation 0.047977312625489925 education 0.030285065553916586 
333-1: spouse(s) spouse(s) 0.8014296298281103 died 0.1698542825507348 born 0.02356087999282454 occupation 0.004244511711952933 education 0.0009106959163773926 
334-1: spouse(s) spouse(s) 0.9930279609623969 died 0.0059142180148295765 born 0.0005010076899221529 occupation 0.0003982727861669116 education 0.00015854054668440387 
334-2: spouse(s) spouse(s) 0.9743637606625287 died 0.016142298904583584 occupation 0.0047476159810849175 education 0.0034909906039214617 born 0.0012553338478813005 
334-3: spouse(s) spouse(s) 0.9854348547303122 died 0.010813732365595295 occupation 0.0024759890573605387 education 0.000804241711372202 born 0.0004711821353598067 
335-0: spouse(s) spouse(s) 0.9743637606625287 died 0.016142298904583584 occupation 0.0047476159810849175 education 0.0034909906039214617 born 0.0012553338478813005 
337-2: spouse(s) born 0.40719237221670773 spouse(s) 0.3859025213848404 education 0.07549145845657829 died 0.0698143206561582 occupation 0.06159932728571548 
343-1: spouse(s) spouse(s) 0.9743637606625287 died 0.016142298904583584 occupation 0.0047476159810849175 education 0.0034909906039214617 born 0.0012553338478813005 
344-0: spouse(s) spouse(s) 0.9743637606625287 died 0.016142298904583584 occupation 0.0047476159810849175 education 0.0034909906039214617 born 0.0012553338478813005 
344-1: spouse(s) spouse(s) 0.9939650438077543 died 0.0036535895829331714 occupation 0.0018232997311214058 education 0.0003286116884592657 born 0.0002294551897317955 
346-0: spouse(s) spouse(s) 0.9743637606625287 died 0.016142298904583584 occupation 0.0047476159810849175 education 0.0034909906039214617 born 0.0012553338478813005 
348-0: spouse(s) spouse(s) 0.9980281525492275 occupation 0.001363663568221753 born 0.00037891486307039884 died 0.000134741376507052 education 9.452764297333508e-05 
351-0: spouse(s) spouse(s) 0.9743637606625287 died 0.016142298904583584 occupation 0.0047476159810849175 education 0.0034909906039214617 born 0.0012553338478813005 
353-1: spouse(s) spouse(s) 0.9743929522972239 died 0.00974407637245938 education 0.007513503750776362 born 0.0058429534515793 occupation 0.002506514127961197 
354-0: spouse(s) spouse(s) 0.9980281525492275 occupation 0.001363663568221753 born 0.00037891486307039884 died 0.000134741376507052 education 9.452764297333508e-05 
306-0: occupation occupation 0.4609556159611394 born 0.2611776352861327 spouse(s) 0.21451914675911724 education 0.048421046044293856 died 0.014926555949316835 
306-1: occupation spouse(s) 0.6212367734749327 born 0.1830702979094161 occupation 0.17420761746733052 education 0.016422740682334767 died 0.005062570465986027 
308-0: occupation born 0.4342573337226349 occupation 0.32846832911651935 spouse(s) 0.08231048096560929 education 0.08050916889656222 died 0.07445468729867423 
308-1: occupation spouse(s) 0.45710204651977115 occupation 0.27780056051321783 born 0.15487336333673002 died 0.056900336058220397 education 0.05332369357206057 
311-0: occupation occupation 0.4999164200764596 spouse(s) 0.41989239915814613 born 0.06043584014429002 died 0.011666469747162346 education 0.00808887087394189 
311-1: occupation spouse(s) 0.2 occupation 0.2 died 0.2 education 0.2 born 0.2 
311-2: occupation occupation 0.5317526603655257 spouse(s) 0.23575222117586048 born 0.11897142408850962 died 0.08344635501393388 education 0.030077339356170293 
311-3: occupation occupation 0.6316161993939537 spouse(s) 0.11753163772458533 died 0.09213906176852243 education 0.0843036577065881 born 0.07440944340635033 
312-0: occupation spouse(s) 0.6212367734749327 born 0.1830702979094161 occupation 0.17420761746733052 education 0.016422740682334767 died 0.005062570465986027 
323-1: occupation occupation 0.712293289958479 spouse(s) 0.12963252847564408 born 0.08134990159132398 died 0.04262432241742325 education 0.03409995755712964 
326-0: occupation occupation 0.4732966022555144 spouse(s) 0.3694262685898591 died 0.09843306034702741 education 0.0414839050309882 born 0.017360163776610864 
326-1: occupation spouse(s) 0.9452456427163228 occupation 0.04433657709954987 died 0.006270317901879213 education 0.002857468837715627 born 0.0012899934445325782 
337-0: occupation spouse(s) 0.5524155300125567 occupation 0.35045424404006553 born 0.04483782574616369 died 0.03843788044366484 education 0.01385451975754915 
340-0: occupation spouse(s) 0.9653793740215331 born 0.02564345930529468 occupation 0.0076001352773592415 died 0.001251594983757096 education 0.00012543641205609463 
343-0: occupation died 0.5623454153785438 education 0.27639728799259555 born 0.05963422600277617 spouse(s) 0.056516280130751655 occupation 0.04510679049533295 
356-0: occupation occupation 0.5790768680991771 spouse(s) 0.1644992051069659 born 0.1253134222756639 died 0.10626133576403797 education 0.02484916875415509 
359-1: occupation born 0.25837370769458895 spouse(s) 0.24486476678356744 died 0.2214946313939128 occupation 0.1954315413088395 education 0.07983535281909128 
361-3: occupation occupation 0.4690049561043401 born 0.19068666527286265 spouse(s) 0.1449093867874071 died 0.1280613477472227 education 0.06733764408816748 
363-2: occupation occupation 0.5000068781726621 born 0.30812545397882846 died 0.12545226517956476 spouse(s) 0.03469282997060286 education 0.03172257269834187 
365-2: occupation spouse(s) 0.23253856262386638 education 0.2117634256871155 occupation 0.21119288512918657 born 0.17767989883903199 died 0.16682522772079955 
368-0: occupation born 0.5108945180657495 spouse(s) 0.2161953721585516 died 0.1269073995495207 occupation 0.1250741061537281 education 0.020928604072450053 
375-0: occupation died 0.32958284405503485 born 0.26795607423541834 education 0.16199261481375604 spouse(s) 0.14353476576832624 occupation 0.09693370112746454 
395-0: occupation born 0.406309001712021 died 0.26797214651052453 occupation 0.16093417602898125 spouse(s) 0.08421516638127872 education 0.08056950936719448 
395-1: occupation spouse(s) 0.8162289148074666 occupation 0.08381645029149945 born 0.03501698930748072 education 0.03500208794164715 died 0.029935557651905986 
399-0: occupation occupation 0.5182095818762472 born 0.3176038793610511 spouse(s) 0.13734768730093302 education 0.018194114010677467 died 0.008644737451091275 
